Chart_1@source/org/jfree/data/general/AbstractDataset.java@192,176,177,196,133,134,189,190,191
Chart_1@source/org/jfree/chart/plot/Plot.java@978,456,969,986,987,972,973
Chart_1@source/org/jfree/data/KeyedObjects.java@145,211,212,133,214,136,137,138,205,206
Chart_1@source/org/jfree/data/category/DefaultCategoryDataset.java@259,243,260,244,246
Chart_1@source/org/jfree/chart/event/ChartChangeEvent.java@131,132
Chart_1@source/org/jfree/data/category/AbstractCategoryDataset.java@87,88,90
Chart_1@source/org/jfree/chart/LegendItemCollection.java@107
Chart_1@source/org/jfree/data/KeyedObjects2D.java@288,257,289,258,292,270,273,277,278,282,283,284,286,287
Chart_1@source/org/jfree/chart/renderer/category/AbstractCategoryItemRenderer.java@1792,1793,1795,1796,1797,293,1798,296,297,1791
Chart_1@source/org/jfree/chart/plot/CategoryPlot.java@1665,1410,1667,1411,1412,1413,1672,1673,1674,1675,1291,1292,1293,1678,1679,1040,1681,1297,1041,913,1682,1426,1042,914,1684,1044,1045,1429,1046,1430,1431,1433,1051,1436,2334,2335,2336,2337,2341,1320,2345,1449,1321,2346,1322,2347,1452,1324,1453,1197,2350,1198,1456,1457,1458,946,1459,950,1463,951,1466,954,1339,1340,1468,1727,1352,1353,1227,1356,1613,1357,1614,1358,1231,1232,1362,1235,1365,1367,1507,1508,1509,1510,1523,1013,1526,1014,1527,1015,1528,1530,1019,1534
Chart_1@source/org/jfree/chart/renderer/RenderAttributes.java@265,268,269
Chart_1@source/org/jfree/chart/renderer/AbstractRenderer.java@2896,2892,2895
Chart_1@source/org/jfree/chart/util/AbstractObjectList.java@161,162,163,131,132,133,109,110,111,113,149,123,126
Chart_1@source/org/jfree/chart/util/ObjectList.java@96,85,107,95
Chart_10@source/org/jfree/chart/imagemap/StandardToolTipTagFragmentGenerator.java@65
Chart_11@source/org/jfree/chart/util/ShapeUtilities.java@288,291,292,293,294,295,265,268,271,274,275,276,277,278,279,280,283,284,285
Chart_12@source/org/jfree/data/general/AbstractDataset.java@160,161
Chart_12@source/org/jfree/chart/block/AbstractBlock.java@209,212,213,277,280,281,251,254,255
Chart_12@source/org/jfree/chart/JFreeChart.java@960,576,961,641,962,578,642,579,643,644,645,646,647,972,1486,1487,1488,664,665,1497,1498,795,1499,796,797,1506,628,571,574,959,575
Chart_12@source/org/jfree/chart/plot/Plot.java@868,869
Chart_12@source/org/jfree/chart/title/Title.java@337,338,357,358,359,216,219,220,221,366,223
Chart_12@source/org/jfree/chart/plot/MultiplePiePlot.java@166
Chart_12@source/org/jfree/chart/title/LegendTitle.java@229,230,231,541,542
Chart_13@source/org/jfree/chart/block/AbstractBlock.java@384,385,386,401,402,403,404,151,416,162,163,419,422,423,424,425,426,427,428,429,430,175,437,438,440,441,186,442,443,187,445,446,448,452,453,455,456,457,460,461,463,474,475,476,477,478,489,490,491,492,365,493,368,369,383
Chart_13@source/org/jfree/chart/block/BorderArrangement.java@131,133,134,135,136,147,148,277,149,278,279,151,152,282,287,292,295,424,296,425,297,426,298,170,427,300,301,302,306,435,307,436,308,311,312,314,443,315,444,445,318,319,320,449,450,322,323,452,453,454,458,459,461,462,463,464,465,468,472,476,477,480,481,98,99,484,485,102,103,488,106,109,110,495,496,112,497,113,498,499,500,116
Chart_13@source/org/jfree/chart/block/RectangleConstraint.java@179,197,215,170,188,206
Chart_13@source/org/jfree/chart/util/Size2D.java@92,110
Chart_13@source/org/jfree/data/Range.java@99,108
Chart_13@source/org/jfree/chart/util/RectangleInsets.java@512,385,456,457,523,460,396,397,400,471,535,472,475,411,412,415,486,487,490,426,427,430,501,441,442,445,381,382
Chart_13@source/org/jfree/chart/block/BlockBorder.java@145
Chart_13@source/org/jfree/chart/block/EmptyBlock.java@85
Chart_13@source/org/jfree/chart/block/BlockContainer.java@160,161,162,182,150,151,168,169,170
Chart_14@source/org/jfree/chart/plot/XYPlot.java@4033,2498,4034,4035,4039,2248,4040,1160,4041,1161,1354,1162,4043,1357,1358,1166,2517,2521,2265,2522,1370,860,1373,861,1374,862,2529,2465,866,2285,2286,2481,2293,2232,1273,1274,1275,1277
Chart_14@source/org/jfree/chart/plot/Plot.java@433,902,903,888,889,894
Chart_14@source/org/jfree/chart/plot/CategoryPlot.java@896,768,898,899,2436,900,2440,2441,905,2448,1174,1175,2200,1176,2201,1178,1051,1052,800,804,805,808,2217,2218,1081,2106,1085,1086,2239,1855,1856,1857,1089,1858,1862,2248,2249,2378,2122,1866,2251,1867,2252,1868,2253,2255,1871,2257,2258,2259,2261,1241,2139,1243,2396,1244,867,868,869,873,2158,2415,2159,2166,1145,1274,1146,1147,1276,1277,894,1151,895,767
Chart_14@source/org/jfree/chart/event/ChartChangeEvent.java@131,132
Chart_14@source/org/jfree/chart/util/AbstractObjectList.java@113,131,132,133,149,123,109,110,126,111
Chart_14@source/org/jfree/chart/util/ObjectList.java@96,85,95
Chart_14@source/org/jfree/chart/plot/Marker.java@560,534,566,535,490,493,494,495,559
Chart_15@source/org/jfree/chart/ChartFactory.java@694,695,696,699,702
Chart_15@source/org/jfree/chart/plot/Plot.java@896,963,966,519,969,522,970,523,524,525,529,985,986,988,989,990,991,931,932,933,870,871,491,1005,946,947,504,505,1018,890,891
Chart_15@source/org/jfree/chart/text/TextLine.java@156,157,158,159,160,161,162,227,228,164,229,165,230,231,167,233,234,177,178,179,180,181,182,183,184,185,186
Chart_15@source/org/jfree/chart/util/RectangleEdge.java@137
Chart_15@source/org/jfree/chart/text/TextFragment.java@224,237,238,206,239,207,240,208,242,211,249,221,222,223
Chart_15@source/org/jfree/chart/block/AbstractBlock.java@384,385,386,520,521,401,402,403,404,277,534,535,280,281,416,545,546,419,422,423,424,425,426,427,428,429,430,437,440,441,442,445,446,448,452,455,456,457,460,461,463,209,212,213,474,475,476,477,478,489,490,491,492,493,239,506,507,251,254,383,255
Chart_15@source/org/jfree/chart/LegendItemCollection.java@104
Chart_15@source/org/jfree/chart/block/BlockParams.java@85,94,95
Chart_15@source/org/jfree/data/Range.java@99,108
Chart_15@source/org/jfree/chart/text/TextBlock.java@128,129,266,267,268,270,274,210,211,285,289,162,163,164,165,230,166,231,167,232,168,105,233,169,234,170,235,171,108,236,109,237,238,239,306,307,308,245,119,248,120,249,251
Chart_15@source/org/jfree/data/general/DatasetUtilities.java@152,153
Chart_15@source/org/jfree/chart/plot/PiePlotState.java@109,110
Chart_15@source/org/jfree/chart/JFreeChart.java@1152,1153,1282,1154,1539,1540,1285,1157,1288,1289,1546,1290,1291,1294,1295,1298,1171,1301,1302,1303,1304,1305,1306,1308,1309,1312,1313,1314,1186,1315,1187,1188,1317,1318,1190,1191,1320,1194,1195,1197,1202,1203,1204,1205,1207,1210,1212,1341,1342,1343,1215,1344,1216,1346,1219,457,1240,1241,1242,1245,1246,1251,1252,1254,1257,1258,1261,1136,1140,1146,1147,1149
Chart_15@source/org/jfree/chart/text/G2TextMeasurer.java@75,76,78,79
Chart_15@source/org/jfree/chart/text/TextUtilities.java@641,518,648,521,522,268,524,269,271,655,659,669,670,671,288,289,165,293,295,297,304,186,187,188,189,190,191,192,193,195,196,197,602,603,604,476,605,606,607,608,480,609,610,611,483,612,613,485,615,487,239,495,624,241,497,242,243,499,244,245,247,248,634,251,252
Chart_15@source/org/jfree/chart/block/RectangleConstraint.java@179,197,215,170,188,206
Chart_15@source/org/jfree/chart/title/TextTitle.java@555,558,559,560,563,564,565,566,439,440,441,570,442,571,443,575,576,577,578,454,455,584,585,458,459,590,602,603,604,605,477,606,607,608,612,616,617,618,620,621,622,494,623,495,496,497,498,500,501,502,506,637,638
Chart_15@source/org/jfree/chart/block/BlockResult.java@67
Chart_15@source/org/jfree/chart/util/Size2D.java@92,110
Chart_15@source/org/jfree/chart/util/RectangleInsets.java@192,512,385,456,457,523,460,396,397,400,535,471,472,475,411,412,415,545,546,547,548,549,550,486,551,487,552,490,426,427,430,501,181,184,441,442,187,188,445,381,382,191
Chart_15@source/org/jfree/chart/title/Title.java@357,358,231,359,206,366,337,338,216,219,220,221,223
Chart_15@source/org/jfree/chart/block/BlockBorder.java@192,166,167,168,169,170,171,172,173,174,175,176,145,180,184,188
Chart_15@source/org/jfree/chart/plot/PiePlot.java@2049,2050,706,2051,551,1448,1423,2611,2612,2613,1398,731,732,670,735
Chart_15@source/org/jfree/chart/block/FlowArrangement.java@416
Chart_15@source/org/jfree/chart/title/LegendTitle.java@513,514,515,516,388,517,389,518,390,391,520,521,396,397,398,399,469,470,406,471,472,229,230,231,507,508,509,510,511
Chart_15@source/org/jfree/chart/block/LineBorder.java@145,146,123,142,143
Chart_15@source/org/jfree/chart/plot/PiePlot3D.java@230,231,233,266,234,267,268,269,239,272,241,242,245,246,247,280,248,250,252
Chart_15@source/org/jfree/chart/block/BlockContainer.java@131,168,169,170,236,237,207,208,241,209,210,211,118,215,216,217,121,218,122,219,220,221
Chart_16@source/org/jfree/data/general/AbstractDataset.java@205,206,207
Chart_16@source/org/jfree/data/category/DefaultIntervalCategoryDataset.java@641,241,625,690,338,242,628,746,748,573,574,335
Chart_16@source/org/jfree/data/DataUtilities.java@128,129,130,133,125
Chart_17@source/org/jfree/data/time/TimeSeriesDataItem.java@116
Chart_17@source/org/jfree/data/general/Series.java@326,327,313,314,316,334
Chart_17@source/org/jfree/data/time/TimeSeries.java@512,513,514,586,587,339,534,600,536,857,601,602,540,543,544,738,739,740,548,742,489,746,876,492,750,238,879,880,370,504,505,506,507,508,511
Chart_17@source/org/jfree/data/time/Year.java@320,256,136,233,234,237,336,176,177,178,218,252,317,253,318,319
Chart_18@source/org/jfree/data/general/AbstractDataset.java@192,184,185,170,171
Chart_18@source/org/jfree/data/DefaultKeyedValues.java@321,197,198,333,334,335,337,209,338,210,150,153,154,155,157,229,232,233,234,299,300,301,302,238,239,304,240,242,316,317,318,319
Chart_18@source/org/jfree/data/category/DefaultCategoryDataset.java@352,233,234,218,219,220,350,351
Chart_18@source/org/jfree/data/DefaultKeyedValues2D.java@320,322,323,326,455,327,456,457,458,459,460,461,333,334,303,304,337,339,340,341,182,343,185,189
Chart_19@source/org/jfree/chart/plot/Plot.java@896,435,890,891
Chart_19@source/org/jfree/chart/axis/TickUnit.java@144,145,146,147,149,150,106
Chart_19@source/org/jfree/chart/axis/TickUnits.java@90,93,94,95
Chart_19@source/org/jfree/chart/axis/CategoryAxis.java@827
Chart_19@source/org/jfree/chart/axis/NumberAxis.java@768,769,770,771,772,773,774,776,273,411,412,414,421,422,423,426,427,429,430,431,434,435,436,440,445,701,446,702,447,703,704,449,705,706,707,452,708,453,709,710,711,712,458,459,716,717,718,719,720,721,722,723,724,725,726,727,728,729,730,731,732,733,734,736,737,482,738,483,739,740,741,742,487,743,744,489,745,490,746,747,748,749,238,750,751,752,753,754,756,757,502,758,759,760,505,761,762,763,764,765,766,767
Chart_19@source/org/jfree/chart/event/ChartChangeEvent.java@131,132
Chart_19@source/org/jfree/chart/plot/Marker.java@534,535
Chart_19@source/org/jfree/chart/plot/CategoryPlot.java@1037,1038,788,792,2073,793,2074,796,2088,1067,1071,1072,2097,1841,2098,1842,1843,1075,2100,1844,1845,2101,2102,2104,1848,2106,2107,2108,1852,1853,1854,1857,3144,3145,3147,3148,3149,3151,3157,3158,855,856,857,858,3165,861,871,1131,1132,1133,1134,1137,882,883,884,886,893,640,641,1160,1161,1162,652,3212,1164,653,3213,3214,3215,656,657,914,659,915,660,661,662,664,665,667,926,3230,927,930,931,933,934,935,936,938,939,941,698,1227,973,1229,974,1230,975,976,981,1260,1262,1263,755,756
Chart_19@source/org/jfree/chart/axis/ValueAxis.java@929,1122,1027,1059,1092,1236,1239,1242,1243,1246,975
Chart_19@source/org/jfree/data/Range.java@99,108
Chart_19@source/org/jfree/chart/axis/Axis.java@898,899,900,999,1000,1035,1036,1042,885,763,764,765,767
Chart_19@source/org/jfree/chart/util/AbstractObjectList.java@160,161,129,130,131,164,107,108,109,111,147,121,124,159
Chart_19@source/org/jfree/chart/util/ObjectList.java@96,85,107,95
Chart_2@source/org/jfree/data/xy/XYInterval.java@128,101,119,92
Chart_2@source/org/jfree/data/general/AbstractDataset.java@176,177,196,189,190
Chart_2@source/org/jfree/data/general/DatasetUtilities.java@1283,1284,779,780,1231,1232,1233,1236,726,1238,1239,1240,1241,1242,1243,1244,1247,1252,742,745,746,747,750,751,752,753,754,755,756,757,760,1213,765
Chart_2@source/org/jfree/data/xy/XYIntervalDataItem.java@144,128,112,129,113,97,114,98,99,142,143,127
Chart_2@source/org/jfree/data/xy/XYIntervalSeriesCollection.java@99,229,230,173,174,113,147,116,84,215,87,216,88,89,187,91,188
Chart_2@source/org/jfree/data/general/Series.java@336,328,297,329,298,315,316,318
Chart_2@source/org/jfree/data/ComparableObjectItem.java@95
Chart_2@source/org/jfree/data/xy/XYIntervalSeries.java@177,178,162,163,135,136,120,121,189,94,95
Chart_2@source/org/jfree/data/ComparableObjectSeries.java@256,259,131,244,260,262,216,220,333,221,222,223
Chart_20@source/org/jfree/chart/plot/ValueMarker.java@107
Chart_20@source/org/jfree/chart/plot/Marker.java@211,265,238
Chart_21@source/org/jfree/data/general/AbstractDataset.java@194,186,187,172,173
Chart_21@source/org/jfree/data/KeyedObject.java@85,103,104
Chart_21@source/org/jfree/data/KeyedObjects2D.java@263,266,270,271,272,275,276,277,150,279,280,281,250,282,187,251,285
Chart_21@source/org/jfree/data/statistics/DefaultBoxAndWhiskerCategoryDataset.java@193,147,532,150,151,152,155,158,159,160,162,163,740,164,741,742,167,168,169,170,172,173,174,175,178,179,180,181,183,189,191
Chart_21@source/org/jfree/data/Range.java@337,340,330,365,333,334,335
Chart_21@source/org/jfree/data/KeyedObjects.java@128,131,132,133,134,135,136,201,202,203,204,140,205,207,208,210
Chart_21@source/org/jfree/data/statistics/BoxAndWhiskerItem.java@214,223
Chart_22@source/org/jfree/data/KeyedObjects2D.java@262,265,269,270,271,274,275,276,278,150,279,280,281,284,297,300,301,302,174,304,306,312,313,314,187,320,330,331,332,215,344,88,345,346,218,221,222,226,227,99,356,357,231,232,233,113,370,114,371,115,116,117,118,375,119,376,120,377,249,378,250,379,124
Chart_22@source/org/jfree/data/KeyedObject.java@85,103,104,94
Chart_22@source/org/jfree/data/KeyedObjects.java@128,131,132,133,134,135,136,201,266,202,138,267,139,203,268,140,204,205,77,207,271,208,272,210,90,91,92,93,95,169,170,171,174,252,253
Chart_23@source/org/jfree/chart/util/ShapeList.java@112,113,104,108
Chart_23@source/org/jfree/chart/util/StrokeList.java@113,114,105,109
Chart_23@source/org/jfree/chart/util/PaintList.java@97,100,101,102,103,109,94
Chart_23@source/org/jfree/chart/util/ObjectUtilities.java@128,130,131,127
Chart_23@source/org/jfree/chart/labels/StandardCategorySeriesLabelGenerator.java@144,147,149,152,141
Chart_23@source/org/jfree/chart/util/BooleanList.java@96,95
Chart_23@source/org/jfree/chart/renderer/category/MinMaxCategoryRenderer.java@448,449,450,451,488,169,489,170,490,171,491,174
Chart_23@source/org/jfree/chart/renderer/category/AbstractCategoryItemRenderer.java@1315,1319,1323,1291,1294,1327,1297,1331,1299,1335,1303,1339,1307,1343,1311
Chart_23@source/org/jfree/chart/labels/ItemLabelPosition.java@192,176,195,179,182,183,186,189
Chart_23@source/org/jfree/chart/labels/ItemLabelAnchor.java@192,193
Chart_23@source/org/jfree/chart/text/TextAnchor.java@149,150
Chart_23@source/org/jfree/chart/util/PaintUtilities.java@81,98,100,85,87,78
Chart_23@source/org/jfree/chart/renderer/AbstractRenderer.java@2368,2435,2372,2439,2375,2378,2443,2381,2447,2384,2451,2387,2455,2391,2458,2395,2462,2398,2465,2401,2339,2340,2405,2345,2410,2413,2416,2355,2420,2358,2423,2361,2362,2427,2365,2431
Chart_23@source/org/jfree/chart/util/AbstractObjectList.java@192,178,197,149,182,186,190,191
Chart_24@source/org/jfree/chart/renderer/GrayPaintScale.java@128,124,125,126
Chart_25@source/org/jfree/data/statistics/DefaultStatisticalCategoryDataset.java@321,389,325,326,264,328,332,333,335,273,339,340,215,286,287,169,170,107,299,172,108,173,301,110,302,175,111,303,304,113,305,307,308,246,311,312,377,378,314,379,381,126,318,319
Chart_25@source/org/jfree/chart/axis/CategoryLabelPositions.java@289,290,293,294,296,297,302
Chart_25@source/org/jfree/chart/axis/TickUnit.java@146,147,148,149,151,152,155,108
Chart_25@source/org/jfree/data/KeyedObjects.java@192,128,193,129,130,163,131,195,132,134,135,136,88,89,90,186,91,187,92,126,95,127
Chart_25@source/org/jfree/chart/labels/StandardCategorySeriesLabelGenerator.java@99,117,118,102,119,104
Chart_25@source/org/jfree/chart/text/TextFragment.java@224,225,226,239,240,208,241,209,242,210,244,213,251,223
Chart_25@source/org/jfree/chart/event/ChartChangeEvent.java@133,134
Chart_25@source/org/jfree/chart/util/Layer.java@69,70,72,76,77,78
Chart_25@source/org/jfree/chart/axis/CategoryTick.java@103,94
Chart_25@source/org/jfree/chart/block/AbstractBlock.java@256,385,257,386,387,388,522,523,403,404,405,406,279,536,537,282,283,418,547,548,421,422,295,296,424,425,426,427,428,429,430,431,432,439,442,443,444,447,448,450,454,457,458,459,462,463,465,211,214,215,476,477,478,479,480,356,491,492,493,494,367,495,241,370,371,508,509,253
Chart_25@source/org/jfree/chart/util/BooleanList.java@73
Chart_25@source/org/jfree/data/statistics/MeanAndStandardDeviation.java@104,95
Chart_25@source/org/jfree/data/Range.java@228,101,231,199,200,234,140,238,110
Chart_25@source/org/jfree/chart/title/LegendItemBlockContainer.java@146,147,183,200,184,168,185,169,186,187,188
Chart_25@source/org/jfree/chart/util/AbstractObjectList.java@161,162,163,131,132,133,109,110,111,113,149,123,126
Chart_25@source/org/jfree/chart/text/TextBlock.java@130,131,268,269,270,272,276,279,283,287,291,164,165,166,294,167,168,169,170,298,171,172,173,308,309,310,193,194,195,197,199,212,213,232,233,234,235,236,237,238,239,240,241,247,121,250,122,251,253
Chart_25@source/org/jfree/chart/util/StrokeList.java@71
Chart_25@source/org/jfree/data/general/AbstractDataset.java@194,134,135,186,187,172,173
Chart_25@source/org/jfree/chart/text/G2TextMeasurer.java@80,81,77,78
Chart_25@source/org/jfree/chart/axis/AxisCollection.java@129,132,133,135,136,105,138,139,144,115,85,126,95
Chart_25@source/org/jfree/chart/title/LegendGraphic.java@512,384,513,385,514,515,516,517,518,407,410,411,288,291,292,552,432,433,568,569,570,314,315,572,573,575,192,193,455,456,586,587,588,589,591,336,337,601,602,605,477,478,607,608,609,613,614,358,359,616,238,623,239,499,500,635,636,381
Chart_25@source/org/jfree/chart/text/TextUtilities.java@768,520,523,524,270,526,271,273,544,290,547,291,548,550,295,297,554,299,306,604,605,606,607,608,609,610,611,612,613,614,615,617,623,626,116,119,120,632,121,122,123,124,636,125,643,135,650,654,144,145,657,147,148,661,664,668,671,672,673,691,692,693,694,695,696,697,698,699,188,700,189,701,190,191,703,192,193,194,195,197,198,199,712,718,721,727,731,478,738,482,485,742,487,489,745,752,241,497,243,499,244,245,501,246,247,759,249,250,763,253,254,766,767
Chart_25@source/org/jfree/chart/axis/CategoryAxis.java@1024,768,769,1026,770,1027,771,772,773,776,777,778,781,275,1043,1046,790,1062,1063,1064,1066,1068,1070,816,820,821,825,826,828,831,1087,1088,1089,1091,1093,1095,592,593,594,596,598,601,602,858,605,606,862,863,864,866,867,868,870,871,872,874,876,877,878,879,880,888,889,891,893,894,896,897,899,901,902,647,912,914,916,404,917,1174,407,1175,921,409,665,410,666,412,668,925,669,671,673,675,676,678,935,936,938,683,942,943,944,945,946,947,948,949,955,701,702,447,704,705,450,707,452,453,709,455,712,713,716,973,976,980,981,982,984,985,987,988,989,224,992,736,993,994,741,998,999,746,747,748,1005,749,1006,750,1007,1008,752,1009,753,1010,1011,756,757,1014,759,1016,760,250,1019,1022,1023
Chart_25@source/org/jfree/chart/util/ShapeUtilities.java@336,339,342,344,362,346,365,366,367
Chart_25@source/org/jfree/chart/axis/TickType.java@91,92
Chart_25@source/org/jfree/data/KeyedObjects2D.java@128,227,228,229,232,233,234,108,236,109,237,110,238,111,239,112,113,242,116,212,213,86,159,95
Chart_25@source/org/jfree/chart/renderer/category/AbstractCategoryItemRenderer.java@1024,1025,897,898,1027,1028,1541,901,261,1029,1542,1159,903,1032,1545,905,1033,1037,1038,1039,1041,785,1042,274,1043,787,277,278,1431,1432,1435,1436,1055,1056,1442,295,1448,297,298,300,695,705,1602,721,1362,1363,1364,1365,1367,1630,745,746,874,747,875,748,749,879,880,881,882,755,1011,883,1012,1013,1014,886,1655,887,248,1016,891,1020,892,1021,895
Chart_25@source/org/jfree/chart/util/RectangleInsets.java@512,129,388,389,392,138,522,523,524,525,526,527,528,529,147,403,404,407,418,419,422,433,434,437,312,448,449,452,327,330,331,332,333,334,463,336,464,337,338,339,467,340,342,478,358,359,489,362,500,373,374,120,377
Chart_25@source/org/jfree/chart/title/Title.java@225,359,360,233,361,208,368,339,340,218,221,222,223
Chart_25@source/org/jfree/chart/block/BlockBorder.java@194,168,169,170,171,172,173,174,175,176,177,178,147,182,186,190
Chart_25@source/org/jfree/chart/block/FlowArrangement.java@384,129,130,131,394,142,153,154,157,286,287,288,160,161,418,359,360,361,362,363,364,365,366,367,368,112,369,370,371,376,378,381,382
Chart_25@source/org/jfree/chart/renderer/category/StatisticalBarRenderer.java@258,260,261,262,263,265,274,275,279,294,295,296,298,300,301,303,305,306,307,308,315,316,318,321,322,327,328,334,335,337,338,340,341,343,345,347,353,354,358,383,386,390,391,392,398,402,404,405,406,407,409,418,419,423,438,439,440,442,444,445,447,449,450,451,452,200,459,204,460,206,462,207,208,465,466,211,212,215,471,472,477,478,480,481,483,484,486,488,490,240,496,497,243,500,246,247,248,254
Chart_25@source/org/jfree/chart/renderer/category/BarRenderer.java@640,641,642,643,646,520,521,522,523,524,268,525,526,527,528,530,659,531,660,533,534,535,536,537,665,539,669,542,670,672,545,673,546,674,293,678,679,552,683,684,685,686,688,692,693,694,695,696,697,699,459,470,492,496,497,498,501,503
Chart_25@source/org/jfree/chart/block/LineBorder.java@134,144,145,147,150,151,152,153,154,155,156,157,158,159,160,161,162,163,164,165,167,168,169,171,172,173,175,176,177,179,116,125
Chart_25@source/org/jfree/chart/block/BlockContainer.java@133,143,209,210,211,212,213,152,217,153,218,219,220,221,222,223,224,225,226,162,163,164,229,230,170,171,172,237,238,239,243,184,120,123,124
Chart_25@source/org/jfree/chart/util/ObjectList.java@97,98,87,109
Chart_25@source/org/jfree/chart/util/PaintList.java@83,84,72
Chart_25@source/org/jfree/chart/plot/Plot.java@898,1411,1414,1308,1311,1315,1317,1325,1333,437,1341,1342,1343,1345,1346,835,965,1350,968,1353,971,972,1368,1371,987,988,990,606,1375,991,607,992,608,1377,993,612,614,872,1385,873,1386,1387,493,1389,1390,1007,1020,892,893
Chart_25@source/org/jfree/chart/axis/TickUnits.java@160,96,161,97,132,133,134,140,176,155,156,92,157,95
Chart_25@source/org/jfree/chart/text/TextLine.java@158,159,160,161,162,163,164,229,230,166,231,167,232,233,169,235,236,179,180,181,182,183,184,185,186,187,188
Chart_25@source/org/jfree/chart/util/RectangleEdge.java@80,81,114,83,87,88,89,126
Chart_25@source/org/jfree/chart/axis/NumberTickUnit.java@118
Chart_25@source/org/jfree/chart/util/RectangleAnchor.java@144,145,147,150,168,153,154,140,141,142
Chart_25@source/org/jfree/chart/axis/AxisState.java@193,194,130,131,166,139,140,175,176,148,149,184,91
Chart_25@source/org/jfree/chart/LegendItemCollection.java@97,106,77,78
Chart_25@source/org/jfree/chart/block/BlockParams.java@96,97,87
Chart_25@source/org/jfree/chart/plot/CategoryPlot.java@2560,2565,1032,2569,1033,2571,2574,2575,2578,2579,2580,2068,2069,2582,535,2586,2587,2593,2083,547,2596,2597,1062,550,2599,551,552,2601,2602,1066,1067,2092,2093,1070,2095,2608,2096,2609,2097,2099,2613,2101,2614,1078,2102,2103,2616,2617,2621,2624,2625,1089,1090,3139,2628,1092,3140,2629,3142,1095,3143,3144,591,3152,3153,3154,3155,3156,3157,3159,3160,604,605,606,608,2661,2662,1126,3175,2663,615,1127,3176,2664,1128,2665,1129,3178,2666,3179,2667,1643,3180,2156,1132,2157,3182,2158,2672,2673,2161,2162,2164,3189,2165,3190,2167,3195,1155,1156,1157,1670,3207,1159,3208,3209,3210,3211,3212,3219,3220,3225,1697,2735,2736,2737,706,2755,2758,1222,2759,2760,1224,2761,1225,2766,2767,719,2768,720,2769,721,723,2773,1749,1750,1238,726,1751,1239,2776,1240,1753,1241,2778,1754,2779,1755,1243,1756,2780,1757,2781,1758,2782,1759,1760,2784,1761,2785,1763,2787,1764,2790,1255,2792,2793,1257,2794,1258,1771,2795,2796,2798,2799,752,2801,753,2804,2806,2807,1271,2808,1272,2809,1273,2810,1274,3324,2812,1276,3325,2813,3326,3327,2815,3328,3329,2818,3331,3332,2820,3333,2821,3334,1287,3337,3338,2831,785,1300,1301,789,1302,790,1304,793,2849,802,2850,2851,2852,2853,2854,2855,2857,2858,2860,1836,2861,813,1837,2862,814,1838,2863,815,1839,2864,816,1840,2865,2866,2867,1843,2868,821,1847,1848,1849,1852,852,853,854,855,858,868,2917,879,880,881,883,890,2943,2432,1412,2437,1413,1414,1415,1416,1419,2957,2958,2959,2960,2961,2962,2963,2964,2965,2453,2966,2967,2455,2968,2971,2461,2462,2975,2463,2464,2465,1442,2470,2487,2492,3011,3012,3016,3017,3018,1995,2508,1996,2509,1997,2510,2511,2512,2000,2001,3026,2003,2516,2006,3042,2530,3043,2531,2532,2533,998,3047,999,3048,1000,3049,3050,1002,3051,3052,3053,1005,3054,3057,1533,2558,2559
Chart_25@source/org/jfree/chart/axis/ValueAxis.java@772,773,774,775,776,777,778,523,524,525,781,782,528,788,532,789,533,790,791,792,793,795,540,796,541,797,542,544,800,545,546,1061,554,562,1331,820,821,822,823,325,838,1094,840,586,843,1374,863,864,865,610,866,867,868,1124,869,870,871,873,875,878,879,627,628,629,630,886,631,633,637,638,639,645,902,1423,1424,1425,664,666,667,670,671,673,674,675,931,676,677,678,679,680,681,683,688,689,691,692,693,694,1206,695,697,700,701,706,708,712,713,714,715,717,719,977,724,725,1238,727,1241,1244,1245,736,1248,756,761,766,767
Chart_25@source/org/jfree/chart/axis/Axis.java@768,779,1036,1037,1043,1056,1057,1058,1059,1060,804,1061,549,1062,1063,1064,1065,1067,1068,1069,1071,1072,1075,314,828,575,1097,1101,1105,1106,1107,1108,1109,1110,342,1111,1113,857,602,1114,1117,1118,1119,1120,1121,1122,1124,1126,1128,1130,1131,1132,1135,1136,1137,1138,1139,1140,1142,886,631,1144,1146,1148,1149,381,1150,1153,1154,1155,899,1156,900,1157,901,1159,1160,1163,1165,1167,911,662,410,1190,1191,1192,1200,694,438,1215,1216,1220,1221,1224,1225,1232,1233,721,1234,467,1236,1000,1001,752,764,765,766
Chart_25@source/org/jfree/chart/renderer/category/CategoryItemRendererState.java@82,94,95
Chart_25@source/org/jfree/chart/LegendItem.java@770,771,647,712,520,521,721,657,593,594,730,666,602,739,675,547,548,685,560,753,629,694,571,572,509,638,767,703
Chart_25@source/org/jfree/chart/plot/ValueMarker.java@105
Chart_25@source/org/jfree/chart/axis/AxisSpace.java@176,177,243,244,246,167,185,170,171,252,173,174
Chart_25@source/org/jfree/data/general/DatasetUtilities.java@576,577,739,742,743,744,745,746,750,564,725,568,569,570,574,575
Chart_25@source/org/jfree/chart/JFreeChart.java@1152,1153,1282,1154,1539,1540,1285,1157,1288,1289,1546,1290,1291,1294,1295,1298,1171,1301,1302,1303,1304,1313,1314,1186,1315,1187,1188,1317,1318,1190,1191,1320,1194,1202,1203,1204,1205,1207,1210,1212,1341,1342,1215,1216,1346,1219,457,1240,1241,1242,1373,1245,1246,1251,1254,1257,1258,1261,1391,1392,1136,1393,1140,1146,1147,1149
Chart_25@source/org/jfree/chart/block/CenterArrangement.java@288,80,289,97,98,99,100,101,285,286,287
Chart_25@source/org/jfree/chart/block/BorderArrangement.java@259,131,196,133,134,135,136,137,138,203,204,207,208,210,218,219,221,222,225,226,98,99,228,229,230,102,231,103,106,236,172,109,110,241,242,116,246,187,252,188,253,189
Chart_25@source/org/jfree/chart/plot/DefaultDrawingSupplier.java@215,217,218
Chart_25@source/org/jfree/chart/block/RectangleConstraint.java@208,181,199,217,172,190
Chart_25@source/org/jfree/chart/axis/Tick.java@116,135,107,126
Chart_25@source/org/jfree/chart/axis/ValueTick.java@112,123
Chart_25@source/org/jfree/chart/axis/NumberAxis.java@1026,1027,1029,1030,1031,1034,526,527,528,530,531,532,533,534,536,537,538,1051,540,1052,1054,1055,545,1058,1073,1078,1079,1080,1083,1085,1087,1089,1090,1091,1094,1096,1111,600,601,602,1114,1115,1116,1119,1121,1123,1125,1126,1130,1132,628,629,630,1151,1152,1153,1155,1156,1158,658,660,1176,1178,1179,1181,670,1182,1185,1186,1187,1189,1190,1191,1193,682,1194,685,1198,1200,1201,1202,1203,1214,1215,703,1216,704,705,706,707,708,709,710,711,1224,712,713,1226,714,1229,718,719,720,721,722,723,724,725,726,727,728,729,730,731,732,733,734,735,1248,736,1249,738,1251,739,1252,740,1253,741,1254,742,743,744,1257,745,1258,746,1259,747,748,1261,749,1262,750,1263,751,240,752,1265,753,1266,754,755,756,1270,758,759,760,1273,761,1274,762,1275,763,1276,764,765,766,767,768,769,770,771,772,773,774,775,776,1289,1290,778,1291,1299,275,1303,1306,310,344,1370,1371,347,348,351,355,366,413,414,416,423,424,425,428,429,431,432,436,437,438,442,447,448,449,451,454,455,460,461,976,977,979,980,981,982,484,485,489,1002,1003,491,1005,495,1014,1015,1016,504,1017,1018,1019,507,1020,1021
Chart_25@source/org/jfree/chart/plot/Marker.java@210,533,534,312,424,345,237
Chart_25@source/org/jfree/chart/renderer/RendererState.java@85,86,87,88,92
Chart_25@source/org/jfree/data/KeyedObject.java@85,94
Chart_25@source/org/jfree/chart/block/LabelBlock.java@290,291,292,294,295,304,274,275,276,277,280,248,281,249,282,250,283
Chart_25@source/org/jfree/chart/util/Size2D.java@69,87
Chart_25@source/org/jfree/chart/axis/CategoryLabelPosition.java@192,210,228,183,201,219
Chart_25@source/org/jfree/chart/renderer/AbstractRenderer.java@640,1231,1232,400,401,402,405,1239,1240,1242,614,2281,938,939,2284,2285,946,947,949,629,630,503,631,504,632,505,633,634,508,637
Chart_25@source/org/jfree/chart/title/LegendTitle.java@512,513,515,516,517,518,390,263,519,391,520,392,393,522,523,398,399,400,401,402,403,404,408,284,418,419,421,422,423,424,425,426,427,428,429,430,431,433,436,437,438,439,441,442,443,444,446,447,449,471,472,473,476,477,478,480,481,482,483,484,231,232,233,509,510,511
Chart_25@source/org/jfree/chart/plot/PlotRenderingInfo.java@149,150,103,126,127
Chart_26@source/org/jfree/data/statistics/DefaultStatisticalCategoryDataset.java@321,389,325,326,264,328,332,333,335,273,339,340,215,286,287,299,301,302,303,304,305,307,308,246,311,312,377,378,314,379,381,318,319
Chart_26@source/org/jfree/chart/plot/DatasetRenderingOrder.java@128,112,113,131,132,116,104,107,91,111
Chart_26@source/org/jfree/data/KeyedObjects.java@192,128,193,129,130,195,131,134,135,136,186,187,126,127
Chart_26@source/org/jfree/chart/util/LengthAdjustmentType.java@130,100,133,101,103,136,137,106,107,108,110
Chart_26@source/org/jfree/chart/plot/IntervalMarker.java@192,195,196,199,202,186,189,206
Chart_26@source/org/jfree/chart/util/BooleanList.java@96,73,95
Chart_26@source/org/jfree/data/statistics/DefaultBoxAndWhiskerCategoryDataset.java@128,385,129,354,132,133,456,139,140,146,403,149,151,122,123,412,124,125,127
Chart_26@source/org/jfree/chart/renderer/category/GroupedStackedBarRenderer.java@118,120
Chart_26@source/org/jfree/chart/title/LegendItemBlockContainer.java@146,147,183,200,184,168,185,169,186,187,188
Chart_26@source/org/jfree/chart/axis/NumberAxis3D.java@161,164,165,133,167,171,175,143,144,145,146,147,148,149,150,151,152,156,157,158,159
Chart_26@source/org/jfree/chart/renderer/category/LineAndShapeRenderer.java@512,516,517,518,520,521,522,526,527,210,531,211,532,533,405,406,535,215,536,538,410,539,283,540,284,541,288,546,547,548,228,549,550,425,301,511
Chart_26@source/org/jfree/chart/axis/DateAxis.java@514,515,1031,1545,1546,1547,1555,1557,1045,1558,1046,1559,1047,1048,1049,1566,1573,1575,1577,554,555,556,557,558,559,563,1588,1078,1081,1084,1085,1086,1087,1088,1089,1090,1092,1093,1094,1095,1096,1097,1098,1101,1102,1104,1106,1108,1110,1112,1114,604,605,606,1118,607,608,1120,609,1122,1124,613,1128,1130,1132,1134,1136,1138,1140,1144,1146,1148,1150,1152,1156,1158,1160,1162,1166,1168,1170,1172,1174,1689,1178,1180,1182,1184,673,674,1186,1699,676,1188,1190,1704,1193,687,1202,1204,1205,1208,1209,1211,1212,1213,704,706,707,708,709,1221,710,711,712,713,1225,1228,1229,718,721,1233,1234,1235,1236,1237,1238,1239,1241,1242,1245,734,1246,1247,1248,1251,1266,1267,1273,1288,1289,1292,1293,1297,1298,1299,1300,1303,1304,1305,1306,1307,1308,1311,1312,806,838,839,840,841,842,844,847,848,849,850,851,852,853,854,855,856,857,858,860,1376,1377,1379,1380,1381,1382,1389,1390,1391,1392,1393,1394,1395,1400,1401,1403,1404,1405,1406,1409,422,451,964,452,965,966,967,455,968,1482,970,1483,971,459,1484,976,1489,468,1506,1508,1509,1511,1512,1515,1516,1517,1519,1521,1524,1525,1529,1018,506,1531,1532,1533,1021,1534,1022,1023,511
Chart_26@source/org/jfree/chart/text/TextBlock.java@130,131,139,268,140,269,141,270,142,272,144,276,279,287,291,164,165,166,167,168,169,170,171,172,173,308,309,310,193,194,195,197,199,212,213,232,233,234,235,107,236,237,238,110,239,111,240,241,247,121,250,122,251,253
Chart_26@source/org/jfree/data/general/AbstractDataset.java@128,160,129,170,171,172,205,173,206,242,179,243,218,219,220,222,159
Chart_26@source/org/jfree/chart/axis/AxisCollection.java@144,129,132,85,133,135,136,138,139,126,95
Chart_26@source/org/jfree/chart/text/TextUtilities.java@768,520,265,266,523,524,270,526,271,273,544,290,547,291,548,550,295,297,554,299,306,604,605,606,607,608,609,610,611,612,613,614,615,617,623,626,116,119,120,121,122,123,636,124,125,643,135,650,654,144,657,145,147,148,661,664,668,671,672,673,167,691,692,693,694,695,696,697,698,699,188,700,189,701,190,191,703,192,193,194,195,197,198,199,712,201,202,203,204,718,207,208,209,210,211,212,213,214,217,218,731,220,478,222,738,482,485,742,487,745,489,752,241,497,243,499,244,245,501,246,247,759,249,250,763,253,254,766,767,255
Chart_26@source/org/jfree/chart/axis/CategoryAxis.java@768,1024,1280,769,1281,1026,770,1282,1027,771,772,773,776,777,778,1290,781,1043,275,1046,790,289,290,291,1062,1063,1064,1066,1068,1070,816,820,821,825,826,828,1087,1088,1089,1091,1093,1095,592,593,594,601,858,602,605,862,606,863,864,866,867,1123,868,870,1126,871,872,1129,874,876,1132,877,1133,878,879,880,1136,1139,1142,888,889,1146,891,893,894,1150,1154,1158,647,1162,1165,912,914,404,916,917,407,409,665,921,410,666,412,668,669,925,675,676,678,1190,935,1191,936,1192,681,938,683,942,943,944,945,1204,1205,1206,955,701,702,447,704,705,450,452,453,455,1223,712,1224,713,1227,716,1228,973,1229,976,1234,980,981,982,984,985,987,988,989,992,736,224,993,994,1250,741,998,1254,999,1255,1256,1257,746,1258,747,1259,748,1005,749,1006,750,1007,752,1008,753,1009,1265,1010,1011,756,757,1014,759,760,1016,250,1019,1277,1022,1023
Chart_26@source/org/jfree/chart/block/ColumnArrangement.java@368,371,374,358,377,361,364,365
Chart_26@source/org/jfree/data/statistics/BoxAndWhiskerItem.java@197,188
Chart_26@source/org/jfree/chart/util/ShapeUtilities.java@192,130,195,133,134,136,139,140,142,336,339,147,342,344,346,362,365,366,367,239,242,245,248,186,251,189,254
Chart_26@source/org/jfree/chart/util/SerialUtilities.java@384,385,386,387,131,388,264,267,268,269,270,399,271,146,149,278,150,279,151,280,152,281,153,282,283,284,285,286,287,288,289,290,418,291,419,292,167,425,170,302,186,189,190,191,192,193,194,195,196,197,198,199,200,202,207,341,344,93,225,228,229,230,359,231,232,233,362,234,363,235,364,236,237,238,110,239,113,114,115,372,116,373,117,374,118,375,376,248,377,378,379,380,381,382,383
Chart_26@source/org/jfree/chart/renderer/category/AbstractCategoryItemRenderer.java@1154,1158,1159,1161,1162,1163,1167,1168,1172,1173,1174,1175,1177,1179,1180,1181,1182,1183,673,1195,1198,689,1201,691,1203,1463,1207,571,1211,572,1215,1219,1223,586,587,1227,588,590,1231,464,465,1491,1235,1239,480,481,482,484,1258,1259,1260,1516,1261,237,1263,250,1148,253,1149,254
Chart_26@source/org/jfree/chart/renderer/category/MinMaxCategoryRenderer.java@483,484,485,486,443,444,445,446
Chart_26@source/org/jfree/chart/util/RectangleInsets.java@512,129,388,389,392,138,522,523,524,525,526,527,528,529,147,403,404,407,158,161,418,419,164,165,422,168,171,174,433,177,434,180,437,312,448,449,452,327,330,331,332,333,334,463,336,464,337,338,339,467,340,342,478,358,359,489,362,500,373,374,120,377
Chart_26@source/org/jfree/chart/labels/ItemLabelAnchor.java@256,192,193,259,195,262,199,200,265,201,268,204,271,272,274,277,280,216,217,283,220,286,223,289,290,226,292,229,232,235,238,241,179,244,247,250,253
Chart_26@source/org/jfree/chart/util/PaintUtilities.java@81,98,100,85,87,78,79
Chart_26@source/org/jfree/chart/block/BlockBorder.java@194,204,207,210,147,211,214,217,228,229,230,168,169,170,171,172,173,174,175,176,177,178,242,243,244,182,186,190
Chart_26@source/org/jfree/chart/block/FlowArrangement.java@384,129,130,131,394,142,153,154,157,286,287,288,160,161,418,359,360,361,362,363,364,428,365,366,367,431,368,112,369,370,434,371,435,438,376,441,378,379,444,381,382,447
Chart_26@source/org/jfree/data/time/SimpleTimePeriod.java@101,110
Chart_26@source/org/jfree/chart/block/LineBorder.java@192,195,196,134,199,202,205,144,145,147,148,150,151,152,216,153,217,154,218,155,219,156,157,158,159,160,161,162,163,164,165,167,231,168,232,169,233,234,171,172,173,175,176,177,179,116,125,189
Chart_26@source/org/jfree/chart/renderer/category/BarRenderer.java@640,384,641,385,642,386,645,1034,267,1037,1040,658,659,1043,1044,1047,664,1050,411,668,412,669,413,1053,671,672,1056,673,1059,677,678,1063,682,683,1067,684,685,687,1071,691,692,693,694,695,696,698,444,445,446,448,331,332,333,216,357,358,359,639
Chart_26@source/org/jfree/data/gantt/Task.java@114,135
Chart_26@source/org/jfree/chart/util/ObjectList.java@97,98,87,109
Chart_26@source/org/jfree/chart/util/PaintList.java@97,130,131,132,100,133,101,166,102,103,72,109,144,83,84,157,158,94,159
Chart_26@source/org/jfree/chart/labels/AbstractCategoryItemLabelGenerator.java@290,293,278,296,281,285,287
Chart_26@source/org/jfree/chart/axis/TickUnits.java@160,161,97,98,164,100,165,207,210,181,213,214,215,94,159
Chart_26@source/org/jfree/chart/text/TextLine.java@130,131,139,140,210,211,212,215,158,159,160,161,162,163,164,229,230,166,231,167,232,233,169,235,236,179,180,181,182,183,184,185,186,187,188
Chart_26@source/org/jfree/chart/util/ObjectUtilities.java@128,257,130,131,260,261,263,264,441,442,444,445,127
Chart_26@source/org/jfree/chart/renderer/category/BoxAndWhiskerRenderer.java@256,258,259,260,228,261,229,262,234,238,239,241,242,243,247,248,252,253,254,255
Chart_26@source/org/jfree/data/KeyToGroupMap.java@160,163,148,164,165,168,139,107,140,141,142
Chart_26@source/org/jfree/data/DataUtilities.java@112,113,130,131,115,132,133,135,108,127,111
Chart_26@source/org/jfree/chart/plot/CategoryPlot.java@2560,3072,3073,2564,2565,3081,3082,2571,3083,3084,3085,2061,3086,2062,3088,1040,2064,3089,2065,2066,1044,2068,1045,2070,2071,1048,2073,2074,2075,2077,2079,3104,2080,3105,2081,3107,3619,3108,3620,3109,549,3621,3622,3111,3623,552,3624,553,3625,554,3626,2090,1067,2091,1068,2092,2093,1070,3118,2094,3119,2095,2096,1073,2097,2099,3124,2100,2101,2102,3639,3640,3641,3642,2106,3643,3644,2108,3645,2109,3647,3136,3648,3137,3649,3138,3650,3139,3651,3140,3141,3654,3655,3656,3657,3658,3148,3149,3661,3662,3663,1104,3664,1105,3665,3154,1106,1107,3668,3669,1110,3670,3672,3673,3677,2664,2665,2666,2156,1133,2157,1134,2158,1135,2160,1137,2161,2162,2163,2164,2165,2166,2169,2170,2684,2172,2687,2688,1152,2689,1153,2690,2181,2182,2695,2696,2697,2698,1165,2702,1166,2705,1169,1170,2707,1171,2708,2709,2710,2711,1175,1176,1178,2719,2721,2722,2723,2724,2725,1200,1202,1203,3253,3254,3255,3256,3257,3258,3260,3261,3262,1727,3263,1728,1729,3266,3267,1731,1732,708,1733,1734,1735,1736,1737,1738,1739,1741,1742,721,1233,722,723,1235,1236,1749,725,728,1265,754,755,1278,1279,1280,1282,787,1814,1815,791,1816,792,1817,1818,795,1821,1825,1826,1827,1830,815,816,817,818,1330,1331,823,1347,1349,1354,1355,1356,1357,1360,1361,1363,1364,854,1366,855,856,857,860,3428,3429,3431,2410,3434,1390,3438,2415,1391,1392,3440,1393,881,1394,882,883,3443,1397,885,3446,3449,892,3452,2431,3455,2433,3458,3461,2439,2440,2441,3465,2442,2443,3469,2448,3472,3475,3478,3481,3484,3487,2465,3491,2470,3495,3498,3502,3506,3509,2486,2487,2488,3512,2489,1465,2490,3515,1468,1469,2494,1470,3519,3523,3527,3531,2508,2509,2510,2511,3535,976,977,978,3538,980,3541,983,1496,3545,1499,1500,1501,3550,2536,2537,2538,2543,1010,2547,1011,2549,2552,2553,2556,3068,2557,3069,2558,2046,3071,2047
Chart_26@source/org/jfree/data/gantt/TaskSeriesCollection.java@385,257,386,258,387,259,260,261,262,263,265,266,267,400,401,402,403,404,405,406,407,410,158,422,423,424,176,196,218,219,220,221,222,223,224,227,363,364,365,366,238,367,239,368,369,370,373,250,253,254
Chart_26@source/org/jfree/data/DefaultKeyedValues.java@160,161,239,112,113,114,242,115,243,117,149,248,152,249,153,154,155,251,156,157,159
Chart_26@source/org/jfree/chart/axis/Axis.java@768,1282,1285,1288,779,1291,1036,1037,1294,1297,1043,1300,1303,1306,1309,1056,1057,1058,1314,1059,1060,804,1061,549,1317,1062,1063,1064,1320,1065,1067,1323,1068,1069,1326,1071,1072,1329,1075,563,564,1332,565,314,828,575,1343,1344,1345,1346,1347,1348,1349,1350,1097,1101,1105,1106,1362,1107,1363,1108,1364,1109,1365,1110,342,1366,1111,1367,1368,1113,857,1369,1114,602,1370,1117,1118,1119,1120,1121,1122,1124,1126,1128,1130,1131,1132,1135,1136,1137,1138,1139,1140,1142,886,631,1144,1146,1148,381,899,900,901,911,662,410,1190,1191,1192,438,694,1213,1214,1218,1219,1230,1231,1232,721,1234,467,1000,1001,1260,1263,752,1266,1267,1270,1273,764,1276,765,766,1279
Chart_26@source/org/jfree/data/RangeType.java@129,130,99,100,102,86,105,106,109
Chart_26@source/org/jfree/chart/axis/AxisSpace.java@176,177,243,244,246,167,185,170,171,252,173,174
Chart_26@source/org/jfree/chart/plot/ValueMarker.java@146,147,150,137,140,143
Chart_26@source/org/jfree/chart/block/RectangleConstraint.java@208,181,199,217,172,190
Chart_26@source/org/jfree/chart/title/TextTitle.java@640,775,776,777,778,557,560,561,562,565,566,567,568,441,697,442,443,572,444,700,573,445,703,577,578,706,579,707,580,710,456,457,713,586,587,460,716,461,719,592,722,604,605,606,607,479,608,609,610,614,618,619,620,622,623,624,496,625,497,498,499,500,502,503,759,504,760,761,762,508,639
Chart_26@source/org/jfree/data/category/DefaultCategoryDataset.java@112,98,163,87,233,218,234,219,220,126
Chart_26@source/org/jfree/chart/axis/ValueTick.java@80
Chart_26@source/org/jfree/chart/plot/Marker.java@586,651,652,653,589,654,655,656,592,657,593,596,533,534,599,602,669,605,670,222,671,672,544,608,673,225,545,674,226,675,227,611,614,617,491,556,620,557,494,495,623,496,626,563,629
Chart_26@source/org/jfree/data/time/Month.java@193,401,402,386,403,406,219,220,221,382,383
Chart_26@source/org/jfree/chart/axis/DateTickUnit.java@256,352,321,354,356,358,360,170,362,331,364,302,366,179,253,317,254,222,255
Chart_26@source/org/jfree/data/gantt/TaskSeries.java@140,141,142,143,144,145,146,83,149,86,87,88,158
Chart_26@source/org/jfree/chart/block/LabelBlock.java@290,291,292,294,295,304,274,275,276,277,280,248,281,249,282,250,283
Chart_26@source/org/jfree/chart/labels/StandardCategoryToolTipGenerator.java@129,123,126
Chart_26@source/org/jfree/chart/util/Size2D.java@69,87
Chart_26@source/org/jfree/chart/renderer/category/WaterfallBarRenderer.java@176
Chart_26@source/org/jfree/data/time/SerialDate.java@546,547,548
Chart_26@source/org/jfree/chart/axis/CategoryLabelPosition.java@192,258,228,261,264,201,239,210,242,245,246,183,249,219,252,255
Chart_26@source/org/jfree/chart/renderer/AbstractRenderer.java@2330,2331,2590,2591,2592,2593,2594,2339,2595,2340,2596,2597,2599,2345,1071,2355,2612,2613,2614,2358,2615,2616,2617,2361,2618,2362,2619,2365,1086,1087,2623,2368,2625,2372,1094,1095,2375,1097,2378,2381,2384,2387,2391,2395,2398,2401,1380,1893,1381,2405,1894,1382,614,1383,1384,1385,2410,1388,2413,1391,2416,1907,2420,629,630,1910,631,1911,2423,632,1912,633,634,1914,2427,637,2431,640,2435,2439,2443,2447,400,401,402,2451,405,2455,2458,2462,2465,938,939,946,947,949,1231,1232,1239,1240,2009,1242,2010,2023,2281,2026,2027,2284,2028,2285,2030,503,504,505,508
Chart_26@source/org/jfree/chart/renderer/category/StackedBarRenderer3D.java@216,220
Chart_26@source/org/jfree/chart/title/LegendTitle.java@512,513,515,516,517,518,390,519,391,263,520,392,393,522,523,398,399,400,401,402,403,404,408,284,543,418,546,419,421,549,422,423,424,552,425,553,426,427,428,556,429,430,431,559,433,562,436,437,565,438,439,568,441,442,443,571,444,446,574,447,449,577,588,589,590,591,471,472,473,474,603,476,604,477,605,478,606,480,481,482,483,484,231,232,233,509,510,511
Chart_26@source/org/jfree/chart/util/SortOrder.java@81,82,86,106,74,107,77,61
Chart_26@source/org/jfree/chart/axis/CategoryLabelPositions.java@289,290,293,294,423,296,297,426,302,430,431,434,438,441,445
Chart_26@source/org/jfree/chart/axis/TickUnit.java@141,144,114,115,147,116,148,117,149,119,87,120,123
Chart_26@source/org/jfree/data/category/DefaultIntervalCategoryDataset.java@587,589,590,591,593,217,218,667,219,476,221,606,671,482,290,291,292,293,488,296,426,684,432,439,696
Chart_26@source/org/jfree/chart/axis/CategoryLabelWidthType.java@100,103,87,122,106,123,107,108,125,126,110
Chart_26@source/org/jfree/chart/renderer/category/StackedBarRenderer.java@213,217
Chart_26@source/org/jfree/chart/renderer/category/AreaRenderer.java@161,165,166,168,169,170,174,175,179,180,181,182,184,186,187,155,188,156,189,190
Chart_26@source/org/jfree/data/time/DateRange.java@129,120
Chart_26@source/org/jfree/chart/labels/StandardCategorySeriesLabelGenerator.java@144,99,147,117,149,118,102,119,104,152,141
Chart_26@source/org/jfree/chart/text/TextFragment.java@224,225,161,226,262,265,266,170,239,240,208,241,209,242,210,179,244,213,251,223
Chart_26@source/org/jfree/chart/event/ChartChangeEvent.java@115,116,133,134
Chart_26@source/org/jfree/chart/util/VerticalAlignment.java@131,100,134,103,137,138,107,108,109,111
Chart_26@source/org/jfree/chart/block/AbstractBlock.java@256,385,257,386,387,388,522,523,403,404,405,406,279,536,537,282,283,418,547,548,421,422,295,424,296,425,426,427,428,429,430,558,431,432,561,564,565,439,568,442,443,571,444,574,447,448,577,450,580,454,583,457,458,586,459,462,463,465,211,214,215,476,477,478,479,480,356,615,616,617,491,492,493,494,495,367,241,370,371,629,630,631,508,509,253
Chart_26@source/org/jfree/chart/axis/CategoryTick.java@103,94
Chart_26@source/org/jfree/chart/util/GradientPaintTransformType.java@144,114,115,116,119,152,139,107,140,110,143
Chart_26@source/org/jfree/chart/axis/CategoryAnchor.java@100,103,87,122,106,107,108,125,126,110
Chart_26@source/org/jfree/data/Range.java@228,101,199,231,200,232,234,330,140,333,110,238,334,337,340
Chart_26@source/org/jfree/chart/labels/ItemLabelPosition.java@192,176,195,179,182,183,186,189
Chart_26@source/org/jfree/data/DefaultKeyedValue.java@99,90
Chart_26@source/org/jfree/chart/util/AbstractObjectList.java@192,193,131,132,133,197,267,268,269,270,271,272,273,149,277,161,162,163,109,110,111,240,113,241,242,178,243,244,245,246,182,247,186,123,126,254,190,191
Chart_26@source/org/jfree/chart/util/StandardGradientPaintTransformer.java@146,149,152,154,157
Chart_26@source/org/jfree/chart/util/StrokeList.java@166,71,167,168,105,139,140,141,109,142,175,113,114,153
Chart_26@source/org/jfree/chart/text/G2TextMeasurer.java@80,81,77,78
Chart_26@source/org/jfree/chart/title/LegendGraphic.java@512,513,515,387,516,388,518,267,396,270,271,529,530,531,532,534,406,407,535,538,541,542,543,289,546,290,547,551,424,425,554,555,556,560,561,563,307,564,308,565,566,570,442,443,187,188,325,582,326,583,455,456,457,458,459,460,461,344,347,348,225,226,366,495,369,370,511
Chart_26@source/org/jfree/chart/renderer/category/BarRenderer3D.java@289,290,291,292,294,295,296,297,299,300,301,302,303,304,305,306,308,309,313,314,315,316,319,320,321,322,323,324,325,326,328,329,330,331,332,333,334,335,209,338,339,340,341,342,343,344,218,347,348,356,358,230
Chart_26@source/org/jfree/chart/block/BlockResult.java@69
Chart_26@source/org/jfree/chart/plot/PlotOrientation.java@96,99,83,103,120,104,105,121,124,108,125,127
Chart_26@source/org/jfree/data/DefaultKeyedValues2D.java@321,130,323,324,327,328,334,335,144,145,146,338,147,340,341,150,342,151,152,344,217,155,169,304,305,119,183,186,190
Chart_26@source/org/jfree/data/KeyedObjects2D.java@128,227,228,229,232,233,234,236,237,238,239,242,212,213,86,159,95
Chart_26@source/org/jfree/chart/text/TextBlockAnchor.java@160,128,163,132,133,166,134,169,137,170,172,173,175,176,157,125,158,126
Chart_26@source/org/jfree/chart/title/Title.java@384,387,388,391,394,397,208,400,339,340,218,221,222,223,225,359,360,233,361,425,426,368,438,439,440,378,381
Chart_26@source/org/jfree/chart/block/BlockContainer.java@133,143,209,210,211,212,213,152,217,153,218,219,220,221,222,223,224,225,226,162,163,164,229,230,170,171,172,237,238,239,243,120,184,123,124
Chart_26@source/org/jfree/chart/util/ShapeList.java@165,166,71,167,104,138,139,140,108,141,174,112,81,113,82,152
Chart_26@source/org/jfree/chart/ChartFactory.java@1024,1027,780,783,784,787,788,789,792,793,797,799,800,1058,1059,803,1061,1062,1063,807,810,1067,1068,1071,1073,1074,1077,843,846,591,847,849,594,595,851,852,597,853,598,1110,599,856,1113,857,601,1114,602,1116,860,604,605,606,1118,862,607,1119,863,1120,609,610,866,1123,612,1124,1125,614,615,618,619,1133,622,1134,624,1136,625,1138,1139,628,1142,1144,1145,1146,1147,1148,1149,1152,900,903,904,906,907,908,911,912,915,917,918,662,921,666,667,669,670,671,674,675,678,680,681,684,954,957,958,960,961,962,965,966,968,970,971,717,974,720,721,723,724,725,728,729,732,734,735,738,739,741,743,746,1007,1010,1011,1013,1014,1015,1018,1019,1021,1023
Chart_26@source/org/jfree/chart/plot/Plot.java@640,897,1410,1413,1285,1286,1287,1288,1290,1292,1294,1307,1179,540,1310,1182,1185,1314,1186,1316,1189,1194,1324,1198,1201,1332,436,1204,1207,1210,1340,1341,1213,1342,1344,1345,1217,579,964,1220,1349,967,1223,1352,970,1226,971,1229,846,847,848,1232,850,1367,1370,986,987,989,605,1374,990,606,991,607,1376,992,611,613,871,1384,872,1385,1386,1388,492,1389,1006,1267,1268,1269,1270,1272,1273,1019,891,892,893,894
Chart_26@source/org/jfree/chart/util/RectangleEdge.java@192,194,195,200,80,81,114,83,87,88,89,187,188,92,189,126,191
Chart_26@source/org/jfree/chart/axis/NumberTickUnit.java@112,98,115,118,119,122,109
Chart_26@source/org/jfree/chart/renderer/category/LineRenderer3D.java@256,257,258,259,260,134,263,264,265,266,267,268,269,272,273,146,281,283,184,214,215,216,217,219,220,221,222,224,225,226,227,228,229,230,231,233,234,238,239,240,241,244,245,246,247,248,249,250,251,253,254,255
Chart_26@source/org/jfree/chart/util/RectangleAnchor.java@256,258,259,261,262,140,141,142,144,145,273,168,106,107,109,113,114,115,245,246,118,247,249,250,252,253,255
Chart_26@source/org/jfree/chart/axis/AxisState.java@176,193,194,130,131,184,91,139,140,175
Chart_26@source/org/jfree/chart/LegendItemCollection.java@97,106,77,78
Chart_26@source/org/jfree/chart/block/BlockParams.java@96,97,87
Chart_26@source/org/jfree/chart/axis/ValueAxis.java@769,770,1026,771,772,773,774,775,519,520,521,778,779,785,1553,786,787,788,1556,789,790,792,536,1560,793,537,794,538,1562,540,797,541,1565,542,1568,1058,1571,550,1574,1577,1580,558,1583,1328,817,818,1586,819,820,1589,1592,1595,1599,321,835,1091,1603,837,582,840,1371,860,1628,861,1629,862,606,1630,863,1631,864,1632,865,1121,1633,866,867,868,870,872,875,876,1646,623,1647,624,1648,625,1649,626,1650,627,883,1652,641,899,1420,1421,1422,661,663,664,667,668,670,671,672,928,673,674,675,676,677,678,680,685,686,688,689,690,1203,691,694,697,698,703,705,709,710,711,716,974,721,722,1235,724,1238,1241,1242,986,987,733,1245,1000,1004,1005,1006,1007,753,1009,1010,758,1014,763,764
Chart_26@source/org/jfree/chart/text/TextAnchor.java@161,194,195,227,197,200,203,206,209,212,213,181,149,182,150,152,185,186,188,156,157,158,191
Chart_26@source/org/jfree/data/general/Series.java@131,308,277,309,278,295,296,298,316
Chart_26@source/org/jfree/chart/LegendItem.java@768,769,645,710,518,519,719,655,591,592,728,664,600,737,673,545,546,683,558,751,627,692,569,570,507,636,701,765
Chart_26@source/org/jfree/data/general/DatasetUtilities.java@1536,1537,1538,1283,1539,1284,1540,1541,1286,1287,1289,1545,1546,1306,1307,1310,1311,1312,804,805,806,1318,1319,808,1320,809,810,1322,811,1323,1324,1325,814,1326,815,1327,1328,817,1329,818,1330,819,1331,1332,821,822,1335,824,825,827,828,1342,1343,832,1344,833,1347,836,1348,1353,378,379,380,381,382,383,386,725,1245,739,742,743,744,745,746,1259,748,750,1262,1263,1264,1265,1266,1267,1523,1268,1269,1270,1271,1527,1272,1273,1529,1274,1530,1275,1531,1532,1277,1533,1278,1535
Chart_26@source/org/jfree/chart/util/UnitType.java@96,99,100,103,123,124,93
Chart_26@source/org/jfree/chart/JFreeChart.java@1282,1283,1540,1284,1285,1288,1289,1292,1295,1296,1297,1298,1299,1300,1302,1303,1560,1561,1306,1562,1307,1308,1309,1311,1312,801,1314,1572,1575,1578,1579,1582,1585,1588,1335,1591,1336,1337,1338,1594,1340,1597,1600,1603,1352,1608,1612,1615,1618,1621,1367,1632,1633,1634,1635,1636,1385,1130,1386,1387,1134,1648,1649,1650,1651,1140,1652,1141,1653,1654,1143,1146,1147,1659,1148,1660,1151,1663,1664,1666,1667,1165,1180,1181,1182,1184,1185,1188,1189,1191,1196,1197,1198,1199,1201,1204,1206,1209,1210,1213,706,457,719,1234,722,1235,1491,1236,1492,1493,1239,1240,1500,1245,1246,1248,1251,1252,1255,1276,1533,1534,1279
Chart_26@source/org/jfree/chart/block/CenterArrangement.java@288,80,289,97,98,99,100,101,285,286,287
Chart_26@source/org/jfree/chart/block/BorderArrangement.java@259,131,196,133,134,135,136,137,138,203,204,207,208,210,218,219,221,222,225,226,98,99,228,229,230,102,231,103,106,236,172,109,110,241,242,116,246,187,252,188,253,189
Chart_26@source/org/jfree/chart/plot/DefaultDrawingSupplier.java@386,389,392,277,405,279,280,408,411,414,415,419,430,432,433,434,435,438,439,440,441,444,445,446,447,450,451,452,453,456,457,458,459,462,215,217,218,474,476,477,478,350,479,482,354,483,484,485,358,488,360,489,490,491,363,494,366,495,496,497,370,500,501,373,502,503,376,506,379,383
Chart_26@source/org/jfree/chart/axis/Tick.java@116,135,107,126
Chart_26@source/org/jfree/chart/axis/NumberAxis.java@1024,1025,1027,1028,1029,1032,525,526,527,529,530,531,532,533,535,536,1049,537,1050,539,1052,1053,1056,544,1071,1076,1077,1078,1081,1083,1085,1087,1088,1092,1094,1109,599,600,1112,601,1113,1114,1117,1119,1121,1123,1124,1128,1130,627,628,629,1149,1150,1151,1153,1154,1156,657,659,1174,1176,1177,1179,1180,669,1183,1184,1185,1187,1188,1189,1191,1192,680,1196,1198,1199,1200,1201,1212,1213,701,1214,702,703,704,705,706,707,708,709,1222,710,711,1224,712,1227,716,717,718,719,720,721,722,723,724,725,726,727,728,729,730,731,732,733,1246,734,1247,736,1249,737,1250,738,1251,739,1252,740,741,742,1255,743,1256,744,1257,745,746,1259,747,1260,748,1261,749,750,1263,239,751,1264,752,753,754,1268,756,757,758,1271,759,1272,760,1273,761,1274,762,763,764,765,766,767,768,769,770,771,772,773,774,1287,1288,776,1289,1297,274,1301,1304,309,1333,1336,1339,1342,1343,1346,1349,1352,1356,1359,343,346,347,350,354,365,412,413,415,422,423,424,427,428,430,431,432,435,436,437,441,446,447,448,450,453,454,459,460,974,975,977,978,979,980,483,484,1000,488,1001,490,1003,491,494,1012,1013,1014,1015,503,1016,1017,1018,506,1019
Chart_26@source/org/jfree/chart/axis/AxisLocation.java@128,130,107,172,175,178,179,181,182,120,123,126,127
Chart_26@source/org/jfree/chart/renderer/category/StackedAreaRenderer.java@166,170
Chart_26@source/org/jfree/data/KeyedObject.java@85
Chart_26@source/org/jfree/chart/util/HorizontalAlignment.java@130,131,100,134,103,137,138,106,107,108,140,110
Chart_26@source/org/jfree/chart/plot/PlotRenderingInfo.java@149,150,103,126,127
Chart_3@source/org/jfree/data/time/TimeSeriesDataItem.java@272,273,130,266,268,141
Chart_3@source/org/jfree/data/general/Series.java@336,243,244,245,246,328,329,315,316,318
Chart_3@source/org/jfree/data/time/TimeSeries.java@642,1288,1289,1292,653,654,1296,1050,666,667,668,1053,1056,1057,1058,1059,1060,1062,1064,680,681,1068,429,1071,564,565,693,694,695,1211,1212,1213,1214,1215,576,1217,579,580,581,582,584,463,596,597,598,599,600,345,603,604,605,606,360,877,878,879,881,1265,1266,626,627,1269,885,629,1273,634,892,637,638,254
Chart_3@source/org/jfree/data/time/Year.java@288,291,171,268,269,367,272,211,212,213,348,253,349,350,351,287
Chart_4@source/org/jfree/chart/event/RendererChangeEvent.java@105
Chart_4@source/org/jfree/chart/ChartFactory.java@1792,1828,1831,1832,1833,1835,1836,1837,1840,1841,1842,1844,1848,1726,1729,1730,1731,1732,1733,1734,1735,1482,1738,1485,1613,333,1486,334,1742,1487,335,1488,1616,336,1744,1617,337,1745,1490,1618,1619,339,342,344,345,1888,1889,1890,1891,1892,1893,1773,1776,1777,1778,1780,1781,1782,1785,1786,1787,1789
Chart_4@source/org/jfree/data/xy/AbstractXYDataset.java@128,129,127
Chart_4@source/org/jfree/chart/axis/TickUnit.java@144,145,146,147,149,150,106
Chart_4@source/org/jfree/chart/plot/Plot.java@449,962,642,643,644,965,966,518,967,519,968,971,846,979,980,853,533,854,536,537,858,538,859,539,861,543,553,618,619,620,940,941,624,1201,626,1202,566,573,574,575
Chart_4@source/org/jfree/data/xy/XYDataItem.java@226,258,227,259,132,233,108,242,146,147,148,150,218,219,123,220,252,222,254
Chart_4@source/org/jfree/chart/axis/TickUnits.java@90,93,94,95
Chart_4@source/org/jfree/data/time/TimeSeriesDataItem.java@272,273,130,266,268,141
Chart_4@source/org/jfree/chart/event/ChartChangeEvent.java@113,114,131,132
Chart_4@source/org/jfree/chart/util/PaintMap.java@134,135
Chart_4@source/org/jfree/chart/plot/XYPlot.java@1536,1539,1540,1543,1544,1545,1546,2058,2061,1550,2062,2063,1553,1555,1565,1576,1589,1590,1591,1593,1607,1620,4703,4706,1635,4707,1636,4708,1637,1639,1640,1644,1165,1166,1167,1169,1176,5310,5311,1731,2249,2252,2253,2254,1744,1745,1746,1747,1748,1749,1754,1243,3809,3810,4323,741,4326,3814,4327,3815,4328,744,3817,4330,3819,748,3820,3821,4336,4337,3825,4341,1269,1270,1271,1272,1275,4860,4863,4864,4865,4353,770,4356,773,4357,774,4358,775,4360,4366,4367,4371,2330,2333,2334,2335,4384,4385,801,802,803,4387,4388,805,4393,812,4406,4407,4409,4410,4415,4427,4428,4429,4430,4433,4434,4435,4436,4438,4440,4441,4451,4452,4453,1382,4454,1383,1384,4456,4457,1386,4458,4469,4470,4471,4472,4473,4474,4475,4476,4479,4484,4485,4493,4494,4495,1937,1940,1941,1942,4502,1431,4504,4505,4517,4529,945,4530,4531,4535,1463,4536,1464,4537,1465,1466,4539,4549,3014,1479,969,4553,1482,970,4554,1483,971,972,1484,1486,1487,975,1499,1500,1501,1502,1515,1518,1519,1520,1522,1523
Chart_4@source/org/jfree/chart/block/AbstractBlock.java@209,212,213,277,280,281,251,254,255
Chart_4@source/org/jfree/data/time/TimeSeriesCollection.java@640,641,642,322,643,323,324,645,325,649,653,655,656,636,637,638,639,319
Chart_4@source/org/jfree/chart/StandardChartTheme.java@1152,1408,1153,1409,1410,1155,1667,1542,1415,1543,1288,1416,1544,1289,1545,1290,1546,1163,1421,1549,1294,1295,1168,1552,1297,1169,1170,1171,1300,1173,1174,1303,1175,1431,1178,1441,1199,1588,1589,1591,1592,1594,1101,1102,1103,1105,1236,1109,1239,1111,1240,1242,1243,1245,1251,1252,1380,1381,1382,1254,1383,1384,1385,1257,1386,1388,1260,1389,1261,1134,1390,1391,1392,1137,1138,1139,1140,1397,1654,1398,1143,1399,1144,1400,1145,1657,1401,1658,1148,1660,1661,1278,1662,1406,1151,1407
Chart_4@source/org/jfree/chart/renderer/xy/XYLineAndShapeRenderer.java@441,442,443
Chart_4@source/org/jfree/data/Range.java@214,102,215,111
Chart_4@source/org/jfree/chart/axis/ValueAxis.java@1410,1027,1411,1028,1412,1029,1030,1032,1096,1033,1097,1098,1226,1100,1037,1101,1049,1114,997,1129,1130,1258,1131,1133,1261,1134,1264,1009,1265,1010,1268,951,1144,1081,1023
Chart_4@source/org/jfree/data/xy/DefaultXYDataset.java@92
Chart_4@source/org/jfree/data/DefaultKeyedValues.java@241,228,149,231,232,152,153,154,237,238,239
Chart_4@source/org/jfree/data/general/DefaultPieDataset.java@197,198,199
Chart_4@source/org/jfree/data/xy/XYSeriesCollection.java@256,577,578,581,582,583,584,585,586,587,588,590,591,592,595,147,213,150,599,151,152,153,621,624,625,626,253
Chart_4@source/org/jfree/chart/axis/Axis.java@770,1222,1030,1223,1224,1225,1228,460,463,464,465,1043,1044,1236,1237,1045,792,795,796,797,1187,1188,431,434,435,436,438,761,765
Chart_4@source/org/jfree/data/general/Series.java@326,295,327,296,313,314,316,334
Chart_4@source/org/jfree/data/xy/IntervalXYDelegate.java@225,228,389,229,230,392,367,368,240,369,177,370,371,374,150,247
Chart_4@source/org/jfree/chart/axis/DateTickUnitType.java@129,130,132,117,135,136,137
Chart_4@source/org/jfree/chart/axis/DateAxis.java@1280,1153,1283,1284,1156,1286,1159,1160,1161,1162,1163,1164,1165,1167,1168,1169,1170,1171,1172,1173,1176,1177,1179,1181,1183,1185,1187,1189,551,1193,1195,556,1197,1199,559,560,1203,1205,1207,1209,1211,1213,1215,1219,1221,1223,1225,1227,718,719,1231,721,1233,1235,1237,1241,1243,1245,1247,1249,1253,1255,1257,1259,1261,1263,496,1265,497,1268,500,504,1277,1150,1279
Chart_4@source/org/jfree/chart/util/AbstractObjectList.java@161,162,163,131,132,133,166,139,140,109,141,110,111,113,149,123,126
Chart_4@source/org/jfree/data/general/AbstractDataset.java@130,131,182,183,184,168,185,169,190
Chart_4@source/org/jfree/data/general/DatasetUtilities.java@1344,1409,1474,706,1475,709,647,776,777,908,911,1295,912,1298,918,663,1303,1432,1304,921,1306,667,1371,669,670,1374,671,672,674,1378,739,676,742,1382,743,1383,744,1386,747,1328,1457,1329,1458,697,764,700,701,1343
Chart_4@source/org/jfree/chart/JFreeChart.java@738,1572,741,1573,1574,1514,1515,972,1516,973,1583,1584,1585,1523,820,725,985,570
Chart_4@source/org/jfree/chart/plot/DefaultDrawingSupplier.java@544,545
Chart_4@source/org/jfree/chart/title/TextTitle.java@352,355,323,326,359,327,328,330
Chart_4@source/org/jfree/chart/axis/NumberAxis.java@768,769,770,771,260,772,261,773,262,774,263,775,776,265,778,267,278,791,792,793,794,795,796,797,798,799,800,801,802,803,804,805,806,807,808,809,810,811,812,813,814,815,816,817,818,819,820,821,822,823,824,825,416,417,419,426,427,428,431,432,434,435,436,439,440,441,445,703,704,705,706,450,707,451,708,452,709,710,454,711,712,713,457,714,458,718,719,463,720,464,721,722,723,724,725,726,727,728,729,730,731,732,733,734,735,736,738,739,740,741,742,743,487,744,488,745,746,747,748,492,749,750,494,751,495,752,753,754,755,243,756,758,759,760,761,762,763,507,764,765,766,510,767
Chart_4@source/org/jfree/data/time/TimeSeries.java@641,1289,1290,652,653,1293,1297,665,666,667,428,1212,1213,1214,1215,575,1216,1218,578,579,580,581,583,462,595,596,597,598,599,602,603,604,605,876,877,878,880,625,1266,626,1267,884,628,1270,633,1274,891,636,637,253
Chart_4@source/org/jfree/data/xy/XYSeries.java@192,256,707,207,722,723,532,726,344,730,412,413,544,545,549,550,552,490,491,492,504,248,249,250,507,699,251,508,700,252,509,253,510,254,703,511
Chart_4@source/org/jfree/chart/axis/DateTickUnit.java@321,322,303,304,306,307,309,310,312,313,315,316,318,319
Chart_4@source/org/jfree/data/time/SpreadsheetDate.java@240,449,450,211,451,308,452,453,231,456,457,249
Chart_4@source/org/jfree/chart/renderer/xy/AbstractXYItemRenderer.java@896,832,899,260,517,837,518,519,903,521,716,717,269,718,270,857,809,874,620,621,877,878,879,880,501,502,887,888,889,890,826,635,891,636,892,637,893,829,830,639,895,831
Chart_4@source/org/jfree/chart/util/RectangleInsets.java@192,181,184,187,188,191
Chart_4@source/org/jfree/chart/title/Title.java@257,258,259,261,394,395,396,397,398,403,374,375,254
Chart_4@source/org/jfree/data/time/SerialDate.java@544,545,546,804,526,527,528,529,499,502,792,505,509
Chart_4@source/org/jfree/chart/renderer/AbstractRenderer.java@2694,1931,1932,1357,1933,2895,1935,2896,1297,1298,1301,2904,856,2905,2906,2907,2844,2910,799,2847,800,2848,803,2024,2025,2859,2862,2863,2038,2041,2042,1914,2043,2045,1917,1918
Chart_4@source/org/jfree/chart/plot/PiePlot.java@993,1604,1764,1605,1606,1767,1768,1032,1833,1769,1836,1837,1838,1710,1713,1425,1714,1715,2102,2103,2104,1242,989,990
Chart_4@source/org/jfree/data/time/Day.java@256,321,322,323,324,325,326,328,343,408,344,409,345,410,346,411,347,348,350,288,289,290,291,427,306,187,254,255
Chart_4@source/org/jfree/chart/title/LegendTitle.java@352,353,234,370,244,373,245,374,246,375,570,348,351
Chart_4@source/org/jfree/chart/util/ObjectList.java@96,85,107,95
Chart_5@source/org/jfree/data/xy/XYSeries.java@546,547,548,589,590,527,563,564,570,186,541,574,575
Chart_5@source/org/jfree/data/xy/XYDataItem.java@96,194,179,180,181,183,203,187,191
Chart_5@source/org/jfree/data/general/Series.java@326,327,313,314,316,334
Chart_6@source/org/jfree/chart/util/ShapeList.java@160,161,162,163,164,165,133,70,134,135,136,137,105,169,138,139,140,108,143,111,81,82,147,121
Chart_6@source/org/jfree/chart/util/SerialUtilities.java@263,266,267,268,269,270,271,272,273,274,275,276,340,277,278,279,280,281,282,283,355,421,358,359,360,361,362,363,364,365,366,367,368,369,370,371,372,373,374,375
Chart_6@source/org/jfree/chart/util/HashUtilities.java@227,228,136
Chart_6@source/org/jfree/chart/util/ObjectUtilities.java@128,129,125
Chart_6@source/org/jfree/chart/util/AbstractObjectList.java@192,256,193,257,194,258,259,131,260,132,261,133,262,265,269,206,207,208,211,212,213,149,214,215,216,282,283,284,221,285,286,287,288,292,109,110,111,113,178,182,186,123,126,190,191,255
Chart_7@source/org/jfree/data/time/TimePeriodValue.java@97
Chart_7@source/org/jfree/data/general/Series.java@326,327,313,314,316,334
Chart_7@source/org/jfree/data/time/RegularTimePeriod.java@194,182
Chart_7@source/org/jfree/data/time/SimpleTimePeriod.java@100,120
Chart_7@source/org/jfree/data/time/TimePeriodValues.java@259,260,261,263,264,266,267,269,271,274,275,277,278,280,282,285,286,288,290,291,292,294,552,296,299,300,302,304,305,306,308,310,313,314,316,317,319,321,324,325,327,328,330,332,205,335,363,364,365,243,246,375,247,376,248,377,249
Chart_7@source/org/jfree/data/time/Year.java@256,176,177,178,164,150,233,234,252,253,237
Chart_9@source/org/jfree/data/time/TimeSeriesDataItem.java@116,215,203,204,205,206
Chart_9@source/org/jfree/data/time/SpreadsheetDate.java@240,449,450,211,451,308,452,231,456,457,249
Chart_9@source/org/jfree/data/time/SerialDate.java@528,544,529,545,546,499,500,792,526,527
Chart_9@source/org/jfree/data/general/Series.java@326,327,313,314,316,334
Chart_9@source/org/jfree/data/time/Day.java@320,321,322,324,423,302,339,404,340,405,341,406,342,407,183,343,344,346,250,251,252,317,318,319
Chart_9@source/org/jfree/data/time/TimeSeries.java@513,514,515,516,536,921,538,924,542,927,545,546,931,932,933,934,550,935,939,940,941,942,430,944,433,561,562,947,435,953,574,575,576,588,589,341,602,603,604,740,741,742,744,491,748,494,879,752,240,882,883,372,506,507,508,509,510
Chart_9@source/org/jfree/data/time/Year.java@320,256,136,233,234,237,336,176,177,178,218,252,317,253,318,319
